22 17
1	1	1	1	1	1	1	1	1	1	1	1	1	0	-1	0	1	1
1	1	1	1	1	1	1	1	1	1	1	1	1	0	0	0	1	1
1	1	0	0	0	0	0	0	0	0	0	1	1	0	0	0	1	1
1	1	0	-5	0	0	0	0	0	-4	0	1	1	0	0	0	1	1
1	1	0	0	0	0	0	0	0	0	0	1	1	0	0	0	1	1
1	1	0	0	0	1	1	1	0	0	0	0	2	0	0	0	1	1
1	1	0	0	0	1	1	1	0	-3	0	0	2	0	-2	0	1	1
1	1	2	2	2	1	3	1	0	0	0	0	2	0	0	0	1	1
1	1	0	0	0	1	1	1	1	1	1	1	1	1	1	1	1	1
1	1	0	0	0	1	1	1	1	1	1	1	1	1	1	1	1	1
1	1	0	0	0	0	0	0	0	0	0	0	2	0	0	0	1	1
1	1	0	-6	0	0	0	0	0	0	0	0	2	0	-7	0	1	1
1	1	0	0	0	0	0	0	0	0	0	0	2	0	0	0	1	1
1	1	1	1	1	1	1	1	1	1	1	1	1	0	0	0	1	1
1	1	1	1	1	1	1	1	1	1	1	1	1	0	0	0	1	1
1	1	1	1	1	0	0	0	0	0	0	0	2	0	0	0	1	1
1	1	1	1	1	0	-9	0	0	0	0	0	2	0	-8	0	1	1
1	1	1	1	1	0	0	0	0	0	0	0	2	0	0	0	1	1
1	1	1	1	1	2	2	2	1	1	1	1	1	1	1	1	1	1
0	1	1	1	1	0	0	0	1	1	1	1	1	1	1	1	1	1
0	0	1	1	1	0	0	0	1	1	1	1	1	1	1	1	1	1
0	0	0	1	1	0	-10	0	1	1	1	1	1	1	1	1	1	1

1 20 .6
0 10 .5
-1
2 20 1.5
1 35 .3
2 15 1
-1
0 10 .5
1 15 .2
0 20 .4
-1
3 20 .7
-1
2 50 1
-1
-1
